-19.00 -19.00 26.87 225.00
-29.00 -5.00 29.43 189.78
-21.00 22.00 30.41 133.67
-20.00 15.00 25.00 143.13
9.00 18.00 20.12 63.43
3.00 18.00 18.25 80.54
17.00 -25.00 30.23 304.22
-19.00 3.00 19.24 171.03
25.00 -7.00 25.96 344.36
-20.00 13.00 23.85 146.98
-9.00 27.00 28.46 108.44
-18.00 4.00 18.44 167.47
24.00 22.00 32.56 42.51
-3.00 -19.00 19.24 261.03
-22.00 26.00 34.06 130.24
4.00 -16.00 16.49 284.04
25.00 -17.00 30.23 325.78
-12.00 -4.00 12.65 198.43
-12.00 21.00 24.19 119.75
7.00 -2.00 7.28 344.05
